104082505
591832718
225360561
642233754
592839054
858620027
813345634
309812766
490691281
333623361
255209206
376634198
821464726
849535730
580524899
867626222
950065288
759674605
696554857
975571929
910766341
443774952
911467712
680527933
39486699
459186376
447118357
695467883
463830714
805582731
212486896
571449507
325880583
350300926
768267395
882300183
456673561
740854073
196084034
568086256
336478387
845420964
870806274
252201044
506064991
221654308
681644838
530829298
981981805
669702589
494348315
243282049
145277590
614034866
816135594
678053867
471031881
66227838
67977307
215890316
760365907
434847967
530898908
605633034
154330411
336582536
954658915
971485768
503292672
520182120
280625013
604732472
25186655
302757041
873174399
880278834
608808403
96289811
961459930
280505092
620366158
390966948
861573087
102590437
482231951
130960258
624684197
952419546
742588557
364828238
434354490
240491748
898955260
832532829
288992282
296269235
16247316
669078990
722981669
109849674
624871609
397207141
101461784
636732024
912164956
724230112
649301147
67049298
260395217
714077079
473733534
630179181
414213997
149335461
170607231
196424421
371158715
638487609
826394395
465066747
906974014
614849872
538821708
513620875
782388360
731504066
996130370
499949252
108846459
812396994
507180580
829865291
572640136
861128040
929760454
530267250
136573365
185458883
709983433
484308279
734817077
983734903
589541765
560239402
853800358
20229477
591932432
598663965
500505679
521093982
281439931
578760003
75120739
158394971
870414014
636180618
724916050
592615288
185082415
384490227
184143062
339111726
124493579
110463329
588475634
255446772
351448977
406752611
879186281
534438956
837681500
318197309
256157101
89040066
909938911
491769488
535630931
332290740
193523147
377060183
429315440
335753920
411672979
260442891
382971446
175087434
257172065
363312837
554526593
731192885
333287103
632865878
487251124
877073610
136782355
439243815
845230753
293041775
428834566
70966760
4621098
449348738
377726319
762914680
449719977
406541813
503194633
322045116
615518263
873518184
35691066
411787748
45786384
653492094
209305269
789529566
159724218
333710073
857525332
36247196
273837824
384888600
952450146
533421906
375984635
850299641
354407570
10628796
313307514
122697670
739197567
196232847
387438230
509365358
195479031
964149041
580628549
924322667
646394732
215077603
583384352
844880560
262313205
154042148
400361837
278132869
502214688
11966266
363364438
779721877
890484134
635484464
964240798
794403552
428689449
259288698
294256700
901290365
910031982
299119669
330295954
918349293
22309877
376641103
357489715
2544152
936851494
327956180
542356089
193960065
494176812
159578020
181999677
497290729
136131979
600534471
493710400
374529545
234801641
253913351
55587369
225942292
960317096
308871788
816468689
607711868
804348754
999114858
36620798
971897557
158058101
128512621
387721399
479603281
795922395
99605770
229523309
980437999
468828312
432310616
605044465
262338023
928538067
987931157
564544351
7495352
729292751
409526840
50835079
370862061
843116446
200051784
606473458
446138051
56162224
587897487
924684145
175009978
470991807
751670116
162434454
535094455
718197943
712290677
890926278
460259727
857921178
639590934
686856607
824615206
914189024
575640090
921145263
828822511
565643875
72966438
519883878
793483247
694727463
479763010
841832049
416500671
555720477
794196447
142165644
383358670
413595106
988047831
775187067
171753293
424325375
271157639
843757945
598505054
941911731
43645984
874056328
847030861
744779719
899378183
455555691
450459421
184773254
733035818
466311800
718697421
492874959
645790962
126951340
532218948
825667441
979632667
244849340
132384111
82588106
719461201
460160287
831909648
378430242
803482789
90697293
478682740
197186951
886342814
705242004
803275121
934836076
387033047
140712772
35153219
602429517
652549023
378218882
77347254
259995044
542796285
917322650
714700064
971395753
187179570
485838674
848687526
962838037
640380718
639683515
609196863
284266477
702700446
27608498
884018915
529162892
549636430
186993203
979878005
422588311
638128954
757484888
40309507
823872242
319044555
924574142
176748774
528549820
787201607
537008417
838375852
150871942
415586253
262663939
690122805
661824943
325208560
168711597
925398609
395448078
199147190
340600908
932253647
336311332
2249469
141216735
44618149
90438939
970809811
196639110
172004145
893080061
223772427
831111821
367654723
623107884
599829521
630676631
984031373
900440928
645407577
994764434
993931625
958012262
482024270
410838358
796054068
191480374
787457262
639762154
874700557
179586689
498222074
806767349
447097498
833018723
954208825
662933994
779830966
976270505
906581523
806888887
637623684
735475055
78061020
385153128
793094015
173674511
956926154
702646082
103718094
142431295
660313621
447233500
773340199
397529871
477568512
931603040
825714582
18846827
642326290
424362856
72156876
352142980
8694214
807653639
331724324
927454214
455843105
382410444
191707632
960676114
335074337
941386757
578344939
429106490
129734053
792850816
323177664
183218505
12985093
560814714
279687592
34037742
518286942
736975431
361833985
380703103
606993350
733561510
954181215
500750369
387875263
808062740
272481542
432511347
339579307
570277997
268961138
221578498
690619582
145100158
5288147
135075921
770055601
448088778
638309009
756447661
724805307
801420982
130040630
608448648
495523628
960599745
882723559
462642752
300120353
532026432
321401204
260872931
494838019
243228279
96082412
490199419
57626833
800088748
792026033
557076598
848797988
70210388
740762698
493081833
484955046
742215695
55861306
911706610
134753370
265737137
406405181
275597145
962361199
77501736
88962570
108110572
319492156
615105436
123496922
517521412
411114040
222087502
290938225
150013994
911079368
834782521
161626971
905778867
680842664
18400951
300024815
643550725
89141479
401572646
616830353
645283443
763765832
777917080
426215110
52374216
97230967
636461873
516859207
205133608
148646294
436196675
388538491
364566359
384405909
661579642
286912498
462116821
276371018
676187501
982124994
832691053
261685552
55085317
951054852
650785237
453483207
239492551
142861584
778813131
783841695
314568058
810987221
719845342
559489466
365393561
362470885
133982143
810186258
293655900
855857508
380627472
510878929
602650245
235661545
405524260
690616459
231752184
622850189
503213321
259301795
441724417
118370997
172470902
288105717
806194151
243593509
723915843
789505285
714819754
603517517
638163147
346364911
393438451
790775193
333685426
204593403
692684022
928060836
906297992
247370562
841236191
791531766
337322377
489981135
755174025
135040909
785473269
510688443
742042406
630308724
430329084
964681911
601280765
884271101
448000240
510486593
881779250
958985139
827234812
852251305
316414970
906405953
533058949
662452973
343562608
448346601
594295173
148107731
698536942
962351332
243224901
238454934
857452662
194346971
544907283
58609521
943242947
953630412
988076409
607037809
910231993
386212044
304942662
284458625
444531157
192249195
221804640
13699444
526763865
124723765
13019106
73608012
242109714
551033078
100561163
128181299
454011803
540427182
329661481
698583125
553432575
813676969
879001735
48529940
879008369
824324159
898060850
31990652
501577390
690252845
67542286
983399482
485782808
476097686
812577010
560400780
986201548
711858988
278783241
514135725
361462350
40386335
129538412
992140548
215201062
661234177
109490275
865553869
423811793
686648153
423493188
862266665
914895677
773287998
818597537
438507472
639243859
113443654
889113327
886034510
995461788
642130065
999709608
405427213
347187970
536081492
795698417
861593523
331186971
55929771
43587332
654348989
727631782
214771164
226461884
924445528
681577008
486777061
396085934
875815917
101565147
165720195
83074525
724880753
214123294
233003960
267348239
751943837
140591207
8791111
546566688
618423288
567996287
823593755
879308880
582726042
313001875
986344340
978641933
303860137
691353837
938790503
358947901
986690943
840829803
631813995
181663247
88941138
846543929
696258076
992651574
213047493
817569021
266747110
993737075
716482874
594375212
667894834
975166887
846157049
529336497
693295171
201468352
531927538
374463947
659401775
386319470
669682741
563781388
358740817
585563279
810976481
595416561
909657384
79686052
149682771
247435117
335594056
480973591
405844254
760734855
626910376
178024949
377574884
209639123
673104920
629292690
630215408
352997155
327702965
783547738
932606602
99966951
496219609
272276961
404494317
577820482
924340186
880912496
146194941
57017484
972792963
648661016
844632154
39852914
441629972
884877180
618849180
748693949
524811553
474795056
408453305
310396027
585638056
784918950
850393758
295632325
976666997
313337023
952317307
649870261
544681605
646155323
283835880
584514301
731963853
52484905
6883084
524503213
406888157
841961103
587200866